00000000000000000000000001001101
00000000000000000000000001100001
00000000000000000000000001110010
00000000000000000000000001100011
00000000000000000000000001101111
00000000000000000000000000100000
00000000000000000000000001000101
00000000000000000000000001100100
00000000000000000000000001110101
00000000000000000000000001100001
00000000000000000000000001110010
00000000000000000000000001100100
00000000000000000000000001101111
00000000000000000000000000100000
00000000000000000000000001000111
00000000000000000000000001101111
00000000000000000000000001101110
00000000000000000000000001111010
00000000000000000000000001100001
00000000000000000000000001101100
00000000000000000000000001100101
00000000000000000000000001111010
00000000000000000000000000100000
00000000000000000000000001001100
00000000000000000000000001110101
00000000000000000000000001100001